0.01455900873,0
0.04367702619,3
0.07279504365,4
0.1019130611,9
0.1310310786,9
0.160149096,9
0.1892671135,34
0.2183851309,55
0.2475031484,124
0.2766211659,171
0.3057391833,286
0.3348572008,349
0.3639752182,438
0.3930932357,542
0.4222112532,527
0.4513292706,462
0.4804472881,447
0.5095653055,442
0.538683323,387
0.5678013404,332
0.5969193579,293
0.6260373754,239
0.6551553928,243
0.6842734103,228
0.7133914277,214
0.7425094452,230
0.7716274627,242
0.8007454801,295
0.8298634976,249
0.858981515,285
0.8880995325,328
0.91721755,307
0.9463355674,339
0.9754535849,348
1.004571602,355
1.03368962,380
1.062807637,425
1.091925655,418
1.121043672,420
1.15016169,457
1.179279707,493
1.208397725,565
1.237515742,553
1.266633759,643
1.295751777,682
1.324869794,832
1.353987812,924
1.383105829,1043
1.412223847,1202
1.441341864,1385
1.470459882,1554
1.499577899,1887
1.528695917,2211
1.557813934,2482
1.586931952,2977
1.616049969,3429
1.645167986,4013
1.674286004,4612
1.703404021,5212
1.732522039,5754
1.761640056,6482
1.790758074,7033
1.819876091,7333
1.848994109,7709
1.878112126,7987
1.907230144,7808
1.936348161,7768
1.965466178,7418
1.994584196,7181
2.023702213,6794
2.052820231,6402
2.081938248,6228
2.111056266,6005
2.140174283,5574
2.169292301,5401
2.198410318,5062
2.227528336,4842
2.256646353,4657
2.285764371,4365
2.314882388,4221
2.344000405,3971
2.373118423,3757
2.40223644,3624
2.431354458,3457
2.460472475,3424
2.489590493,3235
2.51870851,3150
2.547826528,3142
2.576944545,3041
2.606062563,2981
2.63518058,2882
2.664298597,2830
2.693416615,2829
2.722534632,2865
2.75165265,2747
2.780770667,2744
2.809888685,2829
2.839006702,2835
2.86812472,2766
2.897242737,2886
2.926360755,2874
2.955478772,2993
2.98459679,3003
3.013714807,3057
3.042832824,3171
3.071950842,3293
3.101068859,3354
3.130186877,3634
3.159304894,3572
3.188422912,3908
3.217540929,4037
3.246658947,4267
3.275776964,4465
3.304894982,4657
3.334012999,4807
3.363131017,5210
3.392249034,5399
3.421367051,5646
3.450485069,6043
3.479603086,6393
3.508721104,6834
3.537839121,7219
3.566957139,7579
3.596075156,8065
3.625193174,8543
3.654311191,9244
3.683429209,9678
3.712547226,10056
3.741665243,10663
3.770783261,11516
3.799901278,12068
3.829019296,12865
3.858137313,13818
3.887255331,14173
3.916373348,15132
3.945491366,16277
3.974609383,17232
4.003727401,18231
4.032845418,19533
4.061963436,20252
4.091081453,21346
4.12019947,22479
4.149317488,23778
4.178435505,25160
4.207553523,26278
4.23667154,27599
4.265789558,28973
4.294907575,30220
4.324025593,31412
4.35314361,33037
4.382261628,34280
4.411379645,36203
4.440497662,36906
4.46961568,38632
4.498733697,40345
4.527851715,41321
4.556969732,42838
4.58608775,43956
4.615205767,45551
4.644323785,46643
4.673441802,47508
4.70255982,48939
4.731677837,49418
4.760795855,50874
4.789913872,51287
4.819031889,52198
4.848149907,52348
4.877267924,53138
4.906385942,53932
4.935503959,54975
4.964621977,54698
4.993739994,55048
5.022858012,55541
5.051976029,55136
5.081094047,54971
5.110212064,55485
5.139330082,54980
5.168448099,54509
5.197566116,54083
5.226684134,54283
5.255802151,53707
5.284920169,52979
5.314038186,52189
5.343156204,51285
5.372274221,51241
5.401392239,50608
5.430510256,49465
5.459628274,48273
5.488746291,47851
5.517864308,46095
5.546982326,45614
5.576100343,44583
5.605218361,43545
5.634336378,42310
5.663454396,42013
5.692572413,40689
5.721690431,39717
5.750808448,38451
5.779926466,37544
5.809044483,36461
5.838162501,35711
5.867280518,34390
5.896398535,33641
5.925516553,32328
5.95463457,31367
5.983752588,30012
6.012870605,29291
6.041988623,28501
6.07110664,27461
6.100224658,26479
6.129342675,25637
6.158460693,24662
6.18757871,23549
6.216696727,23050
6.245814745,22234
6.274932762,21376
6.30405078,20665
6.333168797,20064
6.362286815,19367
6.391404832,18428
6.42052285,18173
6.449640867,17287
6.478758885,16622
6.507876902,16329
6.53699492,15454
6.566112937,14789
6.595230954,14487
6.624348972,14061
6.653466989,13506
6.682585007,12945
6.711703024,12454
6.740821042,12064
6.769939059,11503
6.799057077,11199
6.828175094,10741
6.857293112,10508
6.886411129,9850
6.915529146,9851
6.944647164,9236
6.973765181,8875
7.002883199,8625
7.032001216,8394
7.061119234,8006
7.090237251,7716
7.119355269,7576
7.148473286,7257
7.177591304,7034
7.206709321,6855
7.235827339,6403
7.264945356,6369
7.294063373,6088
7.323181391,6097
7.352299408,5655
7.381417426,5564
7.410535443,5577
7.439653461,5285
7.468771478,5112
7.497889496,4884
7.527007513,4809
7.556125531,4732
7.585243548,4570
7.614361566,4314
7.643479583,4317
7.6725976,4261
7.701715618,4131
7.730833635,3951
7.759951653,3883
7.78906967,3684
7.818187688,3568
7.847305705,3417
7.876423723,3384
7.90554174,3207
7.934659758,3155
7.963777775,3101
7.992895792,2946
8.02201381,2899
8.051131827,2868
8.080249845,2778
8.109367862,2758
8.13848588,2557
8.167603897,2538
8.196721915,2533
8.225839932,2580
8.25495795,2455
8.284075967,2274
8.313193985,2170
8.342312002,2246
8.371430019,2130
8.400548037,2011
8.429666054,2053
8.458784072,2022
8.487902089,1960
8.517020107,1904
8.546138124,1816
8.575256142,1784
8.604374159,1650
8.633492177,1689
8.662610194,1602
8.691728211,1549
8.720846229,1529
8.749964246,1502
8.779082264,1461
8.808200281,1459
8.837318299,1418
8.866436316,1358
8.895554334,1335
8.924672351,1246
8.953790369,1267
8.982908386,1245
9.012026404,1248
9.041144421,1312
9.070262438,1140
9.099380456,1120
9.128498473,1055
9.157616491,1074
9.186734508,1075
9.215852526,939
9.244970543,954
9.274088561,940
9.303206578,970
9.332324596,939
9.361442613,831
9.390560631,895
9.419678648,851
9.448796665,836
9.477914683,802
9.5070327,800
9.536150718,759
9.565268735,751
9.594386753,760
9.62350477,765
9.652622788,737
9.681740805,674
9.710858823,622
9.73997684,696
9.769094857,628
9.798212875,604
9.827330892,584
9.85644891,626
9.885566927,555
9.914684945,559
9.943802962,569
9.97292098,542
10.002039,517
10.03115701,534
10.06027503,513
10.08939305,493
10.11851107,480
10.14762908,456
10.1767471,439
10.20586512,449
10.23498314,434
10.26410115,413
10.29321917,419
10.32233719,409
10.35145521,384
10.38057322,354
10.40969124,380
10.43880926,376
10.46792728,337
10.49704529,347
10.52616331,334
10.55528133,331
10.58439935,310
10.61351736,284
10.64263538,328
10.6717534,268
10.70087142,290
10.72998943,301
10.75910745,287
10.78822547,267
10.81734349,279
10.8464615,276
10.87557952,272
10.90469754,235
10.93381556,256
10.96293357,223
10.99205159,231
11.02116961,206
11.05028763,238
11.07940564,205
11.10852366,216
11.13764168,199
11.1667597,193
11.19587771,161
11.22499573,193
11.25411375,207
11.28323177,181
11.31234978,193
11.3414678,165
11.37058582,179
11.39970384,146
11.42882185,145
11.45793987,143
11.48705789,152
11.51617591,151
11.54529392,165
11.57441194,135
11.60352996,139
11.63264797,136
11.66176599,155
11.69088401,124
11.72000203,131
11.74912004,133
11.77823806,117
11.80735608,110
11.8364741,130
11.86559211,113
11.89471013,126
11.92382815,124
11.95294617,111
11.98206418,107
12.0111822,119
12.04030022,95
12.06941824,107
12.09853625,128
12.12765427,83
12.15677229,100
12.18589031,83
12.21500832,107
12.24412634,96
12.27324436,87
12.30236238,93
12.33148039,80
12.36059841,82
12.38971643,81
12.41883445,72
12.44795246,77
12.47707048,73
12.5061885,83
12.53530652,78
12.56442453,78
12.59354255,61
12.62266057,72
12.65177859,70
12.6808966,67
12.71001462,73
12.73913264,57
12.76825066,62
12.79736867,67
12.82648669,65
12.85560471,64
12.88472273,60
12.91384074,54
12.94295876,31
12.97207678,55
13.0011948,64
13.03031281,62
13.05943083,56
13.08854885,52
13.11766687,48
13.14678488,42
13.1759029,38
13.20502092,38
13.23413894,36
13.26325695,38
13.29237497,43
13.32149299,54
13.350611,42
13.37972902,57
13.40884704,46
13.43796506,43
13.46708307,47
13.49620109,44
13.52531911,52
13.55443713,39
13.58355514,29
13.61267316,41
13.64179118,50
13.6709092,45
13.70002721,36
13.72914523,48
13.75826325,34
13.78738127,43
13.81649928,40
13.8456173,39
13.87473532,25
13.90385334,44
13.93297135,30
13.96208937,32
13.99120739,41
14.02032541,32
14.04944342,31
14.07856144,33
14.10767946,39
14.13679748,25
14.16591549,34
14.19503351,34
14.22415153,32
14.25326955,41
14.28238756,38
14.31150558,35
14.3406236,33
14.36974162,30
14.39885963,30
14.42797765,33
14.45709567,41
14.48621369,35
14.5153317,35
14.54444972,34
14.57356774,40
14.60268576,27
14.63180377,44
14.66092179,37
14.69003981,36
14.71915783,27
14.74827584,44
14.77739386,29
14.80651188,31
14.8356299,34
14.86474791,33
14.89386593,39
14.92298395,40
14.95210197,41
14.98121998,29
15.010338,5
