0.001375515818,0.002897053755
0.004126547454,0.02202597463
0.006877579091,0.06429346778
0.009628610728,0.1216736871
0.01237964237,0.1804497362
0.015130674,0.2347151028
0.01788170564,0.2832338009
0.02063273727,0.3262409226
0.02338376891,0.364732688
0.02613480055,0.3990199045
0.02888583219,0.4298622982
0.03163686383,0.4583633527
0.03438789547,0.4843865932
0.03713892708,0.5084889027
0.03988995872,0.5308420432
0.04264099036,0.5515418276
0.045392022,0.5706298527
0.04814305364,0.5884141219
0.05089408528,0.6048988415
0.05364511692,0.6201721126
0.05639614856,0.6345676445
0.0591471802,0.6480228081
0.06189821182,0.6607652176
0.06464924345,0.6727191573
0.06740027509,0.6839783369
0.07015130673,0.6945488324
0.07290233837,0.7046764855
0.07565337001,0.714378823
0.07840440165,0.7234345405
0.08115543329,0.7320329269
0.08390646491,0.7402548388
0.08665749655,0.748103548
0.08940852818,0.7555414303
0.09215955982,0.762567551
0.09491059146,0.7692910433
0.0976616231,0.7757567755
0.1004126547,0.7818556147
0.1031636864,0.7876791671
0.105914718,0.7932526714
0.1086657496,0.7985803338
0.1114167813,0.8036299053
0.1141678129,0.808463781
0.1169188446,0.8131413181
0.1196698762,0.8176120397
0.1224209078,0.8218460334
0.1251719395,0.8259657527
0.1279229711,0.829967225
0.1306740028,0.8338055817
0.1334250344,0.8374586223
0.136176066,0.8410331431
0.1389270976,0.8445034382
0.1416781293,0.8477954279
0.1444291609,0.8511019063
0.1471801926,0.8542417639
0.1499312242,0.8572479508
0.1526822558,0.8602001554
0.1554332875,0.8630488353
0.1581843191,0.8657724912
0.1609353507,0.8684650663
0.1636863824,0.8710293456
0.166437414,0.8735125345
0.1691884457,0.875947817
0.1719394773,0.8782505974
0.1746905089,0.8805036017
0.1774415406,0.8826893034
0.1801925722,0.8848093382
0.1829436038,0.8868817003
0.1856946355,0.8889374704
0.1884456671,0.8909142533
0.1911966987,0.8928344833
0.1939477304,0.8946467485
0.196698762,0.8964844859
0.1994497937,0.8982390297
0.2022008253,0.8999760468
0.2049518569,0.9016305713
0.2077028886,0.903216391
0.2104539202,0.9048218407
0.2132049518,0.9063990138
0.2159559835,0.9079338891
0.2187070151,0.9094379174
0.2214580468,0.9108830557
0.2242090783,0.9123123032
0.22696011,0.9137062635
0.2297111417,0.9150803601
0.2324621734,0.9164112241
0.2352132048,0.9176988555
0.2379642365,0.9189708297
0.2407152682,0.9202091525
0.2434662999,0.9214495785
0.2462173316,0.9226479403
0.248968363,0.9238285417
0.2517193947,0.9249434763
0.2544704264,0.9260609814
0.2572214581,0.9271135207
0.2599724898,0.9281873258
0.2627235212,0.9292090181
0.2654745529,0.9302283735
0.2682255846,0.9311977192
0.2709766163,0.932170804
0.2737276477,0.9331600133
0.2764786794,0.9341281906
0.2792297111,0.935081178
0.2819807428,0.9360241168
0.2847317745,0.9369635502
0.2874828059,0.9378557783
0.2902338376,0.9387381914
0.2929848693,0.9396119579
0.295735901,0.9404590838
0.2984869327,0.9413356547
0.3012379641,0.9421414174
0.3039889958,0.9429516203
0.3067400275,0.9437494377
0.3094910592,0.9445423475
0.3122420906,0.9453156274
0.3149931223,0.9460926464
0.317744154,0.9468610188
0.3204951857,0.9475877944
0.3232462174,0.9482982117
0.3259972488,0.9489911023
0.3287482805,0.9496804875
0.3314993122,0.9503827256
0.3342503439,0.951062997
0.3370013756,0.9517556538
0.339752407,0.9524085834
0.3425034387,0.9530388451
0.3452544704,0.9536674709
0.3480055021,0.9542727278
0.3507565338,0.9548632622
0.3535075652,0.9554659485
0.3562585969,0.9560597545
0.3590096286,0.9566404739
0.3617606603,0.9571961885
0.3645116917,0.9577404523
0.3672627234,0.9582919605
0.3700137551,0.9588451045
0.3727647868,0.9593713742
0.3755158185,0.9598829214
0.3782668499,0.9603937675
0.3810178816,0.9609240099
0.3837689133,0.961418264
0.386519945,0.9618987305
0.3892709767,0.9623857402
0.3920220081,0.9628519516
0.3947730398,0.9633265758
0.3975240715,0.9638028358
0.4002751032,0.9642482488
0.4030261349,0.9646938954
0.4057771663,0.9651269228
0.408528198,0.9655601839
0.4112792297,0.9659661033
0.4140302614,0.9663841745
0.4167812928,0.9668197725
0.4195323245,0.9672107357
0.4222833562,0.9676082422
0.4250343879,0.9680020097
0.4277854196,0.9683833917
0.430536451,0.9687626704
0.4332874827,0.9691529325
0.4360385144,0.9695266027
0.4387895461,0.9698963001
0.4415405778,0.9702683344
0.4442916092,0.9706392003
0.4470426409,0.9709852951
0.4497936726,0.9713353625
0.4525447043,0.9716473386
0.4552957358,0.9719857215
0.4580467674,0.9723278436
0.4607977991,0.9726454281
0.4635488308,0.9729545999
0.4662998625,0.9732644727
0.4690508939,0.9735778509
0.4718019256,0.9738779087
0.4745529573,0.9741716569
0.477303989,0.9744733506
0.4800550207,0.9747687346
0.4828060521,0.9750657545
0.4855570838,0.9753550626
0.4883081155,0.9756296482
0.4910591472,0.9758916146
0.4938101789,0.9761629286
0.4965612103,0.9764176506
0.499312242,0.976666063
0.5020632737,0.9769196165
0.5048143054,0.9771813492
0.5075653369,0.9774316311
0.5103163685,0.9776816793
0.5130674002,0.9779359339
0.5158184319,0.9781855147
0.5185694636,0.97842271
0.521320495,0.9786650464
0.5240715267,0.9788992037
0.5268225584,0.9791380348
0.5295735901,0.9793672846
0.5323246218,0.9795955996
0.5350756532,0.9798157355
0.5378266849,0.9800370398
0.5405777166,0.9802639527
0.5433287483,0.9804782464
0.54607978,0.9806939422
0.5488308114,0.9809143118
0.5515818431,0.981124399
0.5543328748,0.9813274755
0.5570839065,0.981536628
0.559834938,0.9817700842
0.5625859696,0.9819747965
0.5653370013,0.9821834816
0.568088033,0.982388194
0.5708390647,0.9825915042
0.5735900961,0.9827847658
0.5763411278,0.982982
0.5790921595,0.9831715225
0.5818431912,0.9833682894
0.5845942229,0.983554774
0.5873452543,0.9837435954
0.590096286,0.9839415308
0.5928473177,0.9841233415
0.5955983494,0.9843009459
0.5983493809,0.9844722406
0.6011004125,0.9846517144
0.6038514442,0.984835161
0.6066024759,0.9850258519
0.6093535076,0.9851950434
0.6121045391,0.9853682077
0.6148555707,0.9855355296
0.6176066024,0.9857110307
0.6203576341,0.9858860645
0.6231086658,0.9860501148
0.6258596972,0.9862302897
0.6286107289,0.9863966769
0.6313617606,0.9865630641
0.6341127923,0.9867306198
0.636863824,0.9868876594
0.6396148554,0.9870498402
0.6423658871,0.9872071135
0.6451169188,0.9873711638
0.6478679505,0.9875146494
0.650618982,0.9876730912
0.6533700136,0.9878240549
0.6561210453,0.9879810945
0.658872077,0.9881304223
0.6616231087,0.9882720384
0.6643741402,0.9884251053
0.6671251718,0.9885683572
0.6698762035,0.9887116091
0.6726272352,0.9888632739
0.6753782669,0.9890041889
0.6781292983,0.9891432344
0.68088033,0.9892790082
0.6836313617,0.989427635
0.6863823934,0.9895678489
0.6891334251,0.9897061934
0.6918844565,0.9898410324
0.6946354882,0.9899796106
0.6973865199,0.9901172539
0.7001375516,0.9902530277
0.7028885831,0.9903890353
0.7056396147,0.9905187332
0.7083906464,0.9906397845
0.7111416781,0.990765276
0.7138927098,0.9909022183
0.7166437413,0.9910192969
0.7193947729,0.9911426852
0.7221458046,0.9912733179
0.7248968363,0.991395304
0.727647868,0.9915170564
0.7303988994,0.9916446511
0.7331499311,0.991766871
0.7359009628,0.9918876886
0.7386519945,0.9920061694
0.741403026,0.9921244165
0.7441540576,0.9922478048
0.7469050893,0.9923557695
0.749656121,0.9924606963
0.7524071527,0.992574737
0.7551581842,0.9926834028
0.7579092158,0.9928018835
0.7606602475,0.99291756
0.7634112792,0.9930337039
0.7661623109,0.9931517173
0.7689133424,0.9932561767
0.771664374,0.9933604024
0.7744154057,0.9934711714
0.7771664374,0.9935791362
0.7799174691,0.9936733132
0.7826685005,0.9937773052
0.7854195322,0.9938819983
0.7881705639,0.9939796807
0.7909215956,0.9940719882
0.7936726271,0.9941675673
0.7964236587,0.9942713257
0.7991746904,0.9943713449
0.8019257221,0.9944727664
0.8046767538,0.9945741878
0.8074277853,0.9946718702
0.8101788169,0.9947672156
0.8129298486,0.9948630285
0.8156808803,0.9949562708
0.818431912,0.995052551
0.8211829435,0.9951485976
0.8239339751,0.9952416062
0.8266850068,0.9953332126
0.8294360385,0.9954271559
0.8321870702,0.9955199308
0.8349381016,0.9956110699
0.8376891333,0.9957005731
0.840440165,0.9957882068
0.8431911967,0.9958791122
0.8459422282,0.9959697839
0.8486932598,0.9960473689
0.8514442915,0.9961293941
0.8541953232,0.9962135225
0.8569463549,0.9962974171
0.8596973864,0.9963836487
0.862448418,0.9964610001
0.8651994497,0.9965434926
0.8679504814,0.9966329958
0.8707015131,0.9967194611
0.8734525446,0.9968019536
0.8762035762,0.9968772018
0.8789546079,0.9969552542
0.8817056396,0.9970356436
0.8844566711,0.997123511
0.8872077027,0.997204134
0.8899587344,0.9972905992
0.8927097661,0.9973723907
0.8954607978,0.9974523127
0.8982118293,0.9975240555
0.9009628609,0.9975925266
0.9037138926,0.9976687095
0.9064649243,0.9977528379
0.909215956,0.9978252817
0.9119669875,0.9978991278
0.9147180191,0.9979806855
0.9174690508,0.9980571021
0.9202200825,0.9981321166
0.9229711142,0.9982026909
0.9257221457,0.9982723305
0.9284731773,0.9983468776
0.931224209,0.9984223595
0.9339752407,0.9984889611
0.9367262722,0.9985614049
0.9394773038,0.9986354846
0.9422283355,0.9987135371
0.9449793672,0.9987824756
0.9477303989,0.9988497783
0.9504814304,0.9989117061
0.953232462,0.998974335
0.9559834937,0.9990393008
0.9587345254,0.9991021634
0.9614855571,0.9991668955
0.9642365886,0.9992304591
0.9669876202,0.9992965934
0.9697386519,0.9993515105
0.9724896836,0.9994108677
0.9752407153,0.9994765346
0.9779917468,0.9995396309
0.9807427784,0.9995994555
0.9834938101,0.9996532042
0.9862448418,0.9997116267
0.9889958733,0.9997749566
0.9917469049,0.9998359497
0.9944979366,0.9998918016
0.9972489683,0.9999565337
1.0,1.0
